103400
103550
103449.00
103452.34
103445.12
103460.56
103455.78
103470.34
103465.89
103458.23
103475.56
103470.12
103480.45
103475.90
103490.23
103485.67
103478.12
103495.45
103490.34
103485.01
103499.34
103492.12
103500.45
103495.90
103485.67
103475.45
103468.12
103480.67
103475.12
103470.34
103478.90
103470.56
103465.12
103460.45
103455.23
103462.67
103457.12
103463.90
103470.45
103460.23
103455.12
103450.67
103440.34
103445.78
103452.12
103458.67
103468.90
103470.12
103475.56
103469.34
103460.90
103455.12
103462.67
103470.23
103475.01
103480.56
103472.34
103468.12
103460.67
103455.23
103460.45
103467.78
103473.12
103465.45
103455.90
103450.23
103458.67
103465.12
103469.90
103460.23
103455.78
103448.12
103452.67
103460.90
103468.45
103470.12
103475.67
103469.34
103460.12
103450.67
103443.12
103448.56
103455.23
103463.90
103470.12
103460.45
103455.12
103460.67
103468.23
103460.12
103455.78
103450.34
103445.12
103452.67
103460.23
103465.90
103458.34
103452.12
103448.56
103455.01
103462.34
103469.78
103460.12
103452.34
103458.67
103465.90
103472.45
103468.12
103460.78
103455.12
103449.67
103456.90
103462.34
103469.12
103474.56
103466.78
103458.12
103452.45
103459.78
103467.23
103473.56
103469.01
103461.12
103455.78
103448.90
103452.34
103459.12
103466.45
103472.90
103465.12
103460.45
103455.78
103448.34
103440.67
103446.23
103452.56
103459.90
103467.12
103462.45
103457.01
103449.34
103453.78
103460.23
103466.90
103473.56
103467.78
103460.12
103454.34
103448.67
103455.90
103462.45
103470.12
103475.34
103469.90
103462.23
103455.56
103448.12
103442.67
103449.34
103456.12
103462.78
103468.23
103460.12
103452.34
103444.56
103450.78
103458.12
103464.67
103470.12
103464.23
103456.78
103450.12
103442.34
103448.67
103454.12
103461.90
103468.23
103460.56
103452.78
103447.12
103454.67
103462.12
103468.90
103472.34
103465.78
103460.12
103452.45
103446.90
103453.12
103459.78
103466.34
103461.12
103455.67
103448.90
103454.34
103460.78
103468.12
103462.56
103455.12
103450.34
103456.67
103463.12
