2390.89
2420.56
2410.87
2408.50
2409.12
2406.88
2407.50
2409.35
2408.23
2406.92
2410.08
2407.60
2411.30
2409.10
2406.70
2407.80
2411.05
2409.58
2406.90
2410.05
2412.34
2408.60
2410.72
2409.70
2407.75
2411.15
2408.65
2410.18
2409.85
2407.88
2411.25
2409.98
2408.90
2410.65
2407.50
2411.00
2408.00
2412.80
2409.70
2407.30
2411.50
2410.10
2409.20
2406.80
2412.55
2408.35
2411.80
2409.15
2410.65
2407.95
2408.40
2412.75
2407.20
2409.50
2406.88
2411.30
2408.10
2410.85
2407.70
2409.90
2412.25
2406.98
2411.12
2408.50
2409.45
2410.50
2407.80
2410.70
2409.95
2412.10
2406.75
2408.45
2409.55
2411.05
2407.85
2409.15
2410.80
2408.60
2411.25
2409.95
2412.50
2408.05
2410.40
2409.30
2407.95
2411.10
2412.80
2406.50
2409.80
2408.15
2410.10
2411.40
2407.20
2408.95
2410.30
2409.60
2407.55
2411.00
2408.90
2409.65
2411.75
2408.45
2407.95
2409.20
2410.60
2408.55
2411.05
2409.80
2407.85
2411.90
2409.25
2408.80
2412.10
2407.70
2409.50
2408.35
2411.25
2407.95
2410.30
2408.75
2409.40
2407.20
2411.10
2408.95
2409.65
2407.85
2412.00
2408.20
2409.10
2407.50
2411.00
2409.75
2408.90
2411.40
2407.60
2409.25
2408.55
2409.85
2411.15
2407.40
2410.70
2408.25
2409.50
2412.20
2407.95
2409.75
2410.55
2408.10
2409.00
2412.40
2409.10
2407.95
2408.85
2409.60
2410.10
2407.90
2408.40
2411.75
2409.50
2408.80
2407.80
2412.00
2411.60
2408.30
2409.10
2407.30
2410.90
2409.50
2408.40
2411.25
2407.60
2409.20
2408.70
2409.80
2407.40
2408.90
2411.50
2409.30
2407.70
2412.60
2409.95
2407.80
2408.20
2409.85
2408.70
2409.55
2410.20
2407.90
2409.30
2411.40
2408.95
2407.60
2409.65
2408.45
2412.10
2407.50
2409.20
2411.75
2408.55
2409.80
2407.90
2410.10
2409.25
2411.50
2408.65
2407.60
2409.10
2408.75
2410.40
2409.90
2407.95
2411.25
2408.60
2409.50
2407.80
2412.30
2408.90
2409.10
2407.70
2411.00
2409.80
2408.75
2410.80
2407.60
2408.95
2409.10
2407.50
2408.30
