27.50
27.80
27.50
27.60
27.55
27.52
27.70
27.58
27.68
27.75
27.60
27.65
27.72
27.65
27.55
27.58
27.50
27.65
27.68
27.62
27.71
27.80
27.55
27.69
27.75
27.60
27.64
27.58
27.62
27.65
27.70
27.80
27.72
27.58
27.75
27.70
27.63
27.69
27.60
27.68
27.50
27.62
27.71
27.75
27.69
27.63
27.78
27.70
27.67
27.58
27.65
27.63
27.59
27.73
27.66
27.77
27.62
27.75
27.71
27.68
27.70
27.75
27.60
27.72
27.69
27.50
27.78
27.61
27.62
27.68
27.59
27.63
27.66
27.70
27.72
27.75
27.80
27.55
27.67
27.60
27.71
27.63
27.64
27.72
27.69
27.58
27.75
27.68
27.63
27.62
27.67
27.70
27.75
27.80
27.71
27.60
27.63
27.64
27.70
27.66
27.77
27.75
27.63
27.58
27.75
27.69
27.65
27.72
27.71
27.68
27.66
27.62
27.75
27.70
27.63
27.66
27.62
27.70
27.58
27.72
27.65
27.70
27.75
27.62
27.71
27.63
27.75
27.64
27.59
27.68
27.63
27.62
27.69
27.60
27.77
27.75
27.55
27.71
27.78
27.65
27.62
27.59
27.70
27.68
27.75
27.72
27.64
27.66
27.63
27.62
27.58
27.71
27.70
27.65
27.68
27.78
27.62
27.75
27.60
27.72
27.64
27.67
27.59
27.68
27.62
27.77
27.70
27.61
27.58
27.75
27.73
27.70
27.65
27.77
27.80
27.60
27.63
27.70
27.58
27.64
27.65
27.67
27.75
27.62
27.71
27.68
27.77
27.60
27.69
27.72
27.63
27.70
27.75
27.65
27.63
27.59
27.67
27.62
27.72
27.75
27.80
27.69
27.65
27.73
27.78
27.59
27.60
27.62
27.67
27.70
27.64
27.61
27.69
27.75
27.80
